(3,0), (3,2), [(3,0), (3,1)]
(3,0), (3,3), [(3,0), (3,2)]
(4,2), (0,0), [(4,0), (0,0)]
(4,7), (2,0), [(4,0), (2,0)]
(4,7), (4,2), [Assign]
(4,0), (4,1), [Assign]
(4,4), (4,8), [New]
(4,2), (4,3), [New]
(4,1), (4,5), [New]
(4,4), (4,10), [(4,0), (4,1)]
(4,5), (4,12), [(4,0), (4,1)]
(4,11), (3,0), [(4,1), (3,0)]
(4,10), (3,1), [(4,1), (3,0)]
(3,2), (4,11), [(3,1), (4,1)]
(3,3), (4,11), [(3,2), (4,1)]
(4,11), (4,12), [New]
(4,9), (4,11), [Store]
(4,9), (4,13), [(4,1), (4,3)]
(4,0), (4,14), [(4,0), (4,3)]
(4,13), (4,14), [Store]
(4,13), (4,15), [(4,3), (4,7)]
(4,10), (4,16), [(4,1), (4,7)]
(4,11), (4,17), [(4,1), (4,7)]
(4,12), (4,18), [(4,1), (4,7)]
(4,17), (3,0), [(4,7), (3,0)]
(4,16), (3,1), [(4,7), (3,0)]
(3,2), (4,17), [(3,1), (4,7)]
(3,3), (4,17), [(3,2), (4,7)]
(4,17), (4,18), [New]
(4,15), (4,17), [Store]
(4,13), (4,19), [(4,3), (4,8)]
(4,10), (4,20), [(4,1), (4,8)]
(4,11), (4,21), [(4,1), (4,8)]
(4,12), (4,22), [(4,1), (4,8)]
(4,21), (3,0), [(4,8), (3,0)]
(4,20), (3,1), [(4,8), (3,0)]
(3,2), (4,21), [(3,1), (4,8)]
(3,3), (4,21), [(3,2), (4,8)]
(4,21), (4,22), [New]
(4,19), (4,21), [Store]
(4,9), (4,23), [(4,1), (4,4)]
(4,0), (4,24), [(4,0), (4,4)]
(4,23), (4,24), [Store]
(4,23), (4,25), [(4,4), (4,9)]
(4,10), (4,26), [(4,1), (4,9)]
(4,11), (4,27), [(4,1), (4,9)]
(4,12), (4,28), [(4,1), (4,9)]
(4,27), (3,0), [(4,9), (3,0)]
(4,26), (3,1), [(4,9), (3,0)]
(3,2), (4,27), [(3,1), (4,9)]
(3,3), (4,27), [(3,2), (4,9)]
(4,27), (4,28), [New]
(4,25), (4,27), [Store]
(4,23), (4,29), [(4,4), (4,10)]
(4,10), (4,30), [(4,1), (4,10)]
(4,11), (4,31), [(4,1), (4,10)]
(4,12), (4,32), [(4,1), (4,10)]
(4,31), (3,0), [(4,10), (3,0)]
(4,30), (3,1), [(4,10), (3,0)]
(3,2), (4,31), [(3,1), (4,10)]
(3,3), (4,31), [(3,2), (4,10)]
(4,31), (4,32), [New]
(4,29), (4,31), [Store]
(4,4), (4,34), [(4,0), (4,2)]
(4,5), (4,36), [(4,0), (4,2)]
(4,35), (3,0), [(4,2), (3,0)]
(4,34), (3,1), [(4,2), (3,0)]
(3,2), (4,35), [(3,1), (4,2)]
(3,3), (4,35), [(3,2), (4,2)]
(4,35), (4,36), [New]
(4,33), (4,35), [Store]
(4,33), (4,37), [(4,2), (4,5)]
(4,0), (4,38), [(4,0), (4,5)]
(4,37), (4,38), [Store]
(4,37), (4,39), [(4,5), (4,11)]
(4,34), (4,40), [(4,2), (4,11)]
(4,35), (4,41), [(4,2), (4,11)]
(4,36), (4,42), [(4,2), (4,11)]
(4,41), (3,0), [(4,11), (3,0)]
(4,40), (3,1), [(4,11), (3,0)]
(3,2), (4,41), [(3,1), (4,11)]
(3,3), (4,41), [(3,2), (4,11)]
(4,41), (4,42), [New]
(4,39), (4,41), [Store]
(4,37), (4,43), [(4,5), (4,12)]
(4,34), (4,44), [(4,2), (4,12)]
(4,35), (4,45), [(4,2), (4,12)]
(4,36), (4,46), [(4,2), (4,12)]
(4,45), (3,0), [(4,12), (3,0)]
(4,44), (3,1), [(4,12), (3,0)]
(3,2), (4,45), [(3,1), (4,12)]
(3,3), (4,45), [(3,2), (4,12)]
(4,45), (4,46), [New]
(4,43), (4,45), [Store]
(4,33), (4,47), [(4,2), (4,6)]
(4,0), (4,48), [(4,0), (4,6)]
(4,47), (4,48), [Store]
(4,47), (4,49), [(4,6), (4,13)]
(4,34), (4,50), [(4,2), (4,13)]
(4,35), (4,51), [(4,2), (4,13)]
(4,36), (4,52), [(4,2), (4,13)]
(4,51), (3,0), [(4,13), (3,0)]
(4,50), (3,1), [(4,13), (3,0)]
(3,2), (4,51), [(3,1), (4,13)]
(3,3), (4,51), [(3,2), (4,13)]
(4,51), (4,52), [New]
(4,49), (4,51), [Store]
(4,47), (4,53), [(4,6), (4,14)]
(4,34), (4,54), [(4,2), (4,14)]
(4,35), (4,55), [(4,2), (4,14)]
(4,36), (4,56), [(4,2), (4,14)]
(4,55), (3,0), [(4,14), (3,0)]
(4,54), (3,1), [(4,14), (3,0)]
(3,2), (4,55), [(3,1), (4,14)]
(3,3), (4,55), [(3,2), (4,14)]
(4,55), (4,56), [New]
(4,53), (4,55), [Store]
